87 111 0
79 112 0
80 112 0
81 112 0
82 112 0
83 112 0
84 112 0
85 112 0
86 112 0
87 112 0
88 112 0
74 113 0
75 113 0
76 113 0
77 113 0
78 113 0
88 113 0
69 114 0
70 114 0
71 114 0
72 114 0
73 114 0
89 114 0
67 115 0
68 115 0
89 115 0
90 115 0
64 116 0
65 116 0
66 116 0
90 116 0
63 117 0
91 117 0
101 117 0
102 117 0
61 118 0
62 118 0
92 118 0
100 118 0
103 118 0
104 118 0
105 118 0
106 118 0
60 119 0
93 119 0
99 119 0
107 119 0
108 119 0
109 119 0
110 119 0
59 120 0
93 120 0
97 120 0
98 120 0
111 120 0
112 120 0
113 120 0
114 120 0
115 120 0
116 120 0
117 120 0
120 120 0
58 121 0
93 121 0
96 121 0
118 121 0
119 121 0
121 121 0
57 122 0
94 122 0
95 122 0
122 122 0
55 123 0
56 123 0
123 123 0
54 124 0
55 124 0
123 124 0
125 124 0
126 124 0
127 124 0
55 125 0
56 125 0
124 125 0
127 125 0
56 126 0
57 126 0
128 126 0
58 127 0
59 127 0
60 127 0
129 127 0
60 128 0
129 128 0
61 129 0
129 129 0
61 130 0
129 130 0
60 131 0
129 131 0
60 132 0
61 132 0
129 132 0
61 133 0
62 133 0
129 133 0
62 134 0
129 134 0
63 135 0
130 135 0
131 135 0
63 136 0
131 136 0
64 137 0
132 137 0
65 138 0
133 138 0
65 139 0
134 139 0
65 140 0
134 140 0
66 141 0
134 141 0
67 142 0
135 142 0
68 143 0
135 143 0
69 144 0
136 144 0
69 145 0
136 145 0
69 146 0
136 146 0
69 147 0
137 147 0
69 148 0
137 148 0
69 149 0
137 149 0
69 150 0
138 150 0
69 151 0
139 151 0
70 152 0
139 152 0
70 153 0
139 153 0
70 154 0
139 154 0
70 155 0
138 155 0
70 156 0
138 156 0
70 157 0
137 157 0
70 158 0
136 158 0
69 159 0
137 159 0
69 160 0
136 160 0
69 161 0
137 161 0
69 162 0
136 162 0
70 163 0
136 163 0
70 164 0
136 164 0
71 165 0
136 165 0
71 166 0
72 166 0
136 166 0
73 167 0
135 167 0
73 168 0
134 168 0
74 169 0
134 169 0
75 170 0
134 170 0
76 171 0
128 171 0
134 171 0
76 172 0
125 172 0
126 172 0
127 172 0
128 172 0
134 172 0
77 173 0
124 173 0
129 173 0
131 173 0
134 173 0
78 174 0
111 174 0
112 174 0
113 174 0
123 174 0
130 174 0
131 174 0
132 174 0
133 174 0
78 175 0
90 175 0
91 175 0
111 175 0
114 175 0
122 175 0
132 175 0
133 175 0
79 176 0
86 176 0
87 176 0
88 176 0
89 176 0
92 176 0
93 176 0
94 176 0
110 176 0
115 176 0
121 176 0
80 177 0
81 177 0
83 177 0
84 177 0
85 177 0
95 177 0
96 177 0
97 177 0
98 177 0
109 177 0
116 177 0
120 177 0
131 177 0
82 178 0
99 178 0
100 178 0
108 178 0
117 178 0
118 178 0
119 178 0
101 179 0
102 179 0
107 179 0
101 180 0
102 180 0
103 180 0
106 180 0
104 181 0
105 181 0
80 112 1
81 112 1
82 112 1
83 112 1
84 112 1
85 112 1
86 112 1
87 112 1
88 112 1
74 113 1
75 113 1
76 113 1
77 113 1
78 113 1
79 113 1
88 113 1
89 113 1
71 114 1
72 114 1
73 114 1
89 114 1
67 115 1
68 115 1
69 115 1
70 115 1
90 115 1
65 116 1
66 116 1
90 116 1
64 117 1
91 117 1
101 117 1
102 117 1
62 118 1
63 118 1
92 118 1
100 118 1
103 118 1
104 118 1
61 119 1
93 119 1
94 119 1
99 119 1
105 119 1
106 119 1
107 119 1
108 119 1
109 119 1
60 120 1
94 120 1
98 120 1
110 120 1
111 120 1
112 120 1
119 120 1
120 120 1
58 121 1
59 121 1
94 121 1
97 121 1
113 121 1
114 121 1
115 121 1
116 121 1
117 121 1
118 121 1
121 121 1
57 122 1
94 122 1
95 122 1
96 122 1
121 122 1
55 123 1
56 123 1
122 123 1
55 124 1
123 124 1
56 125 1
124 125 1
125 125 1
126 125 1
127 125 1
56 126 1
57 126 1
128 126 1
57 127 1
58 127 1
59 127 1
60 127 1
128 127 1
60 128 1
128 128 1
61 129 1
129 129 1
61 130 1
129 130 1
61 131 1
129 131 1
61 132 1
129 132 1
61 133 1
62 133 1
129 133 1
62 134 1
129 134 1
130 134 1
63 135 1
130 135 1
131 135 1
63 136 1
64 136 1
131 136 1
64 137 1
132 137 1
65 138 1
133 138 1
65 139 1
133 139 1
66 140 1
133 140 1
66 141 1
134 141 1
67 142 1
135 142 1
68 143 1
135 143 1
69 144 1
135 144 1
69 145 1
136 145 1
69 146 1
136 146 1
69 147 1
136 147 1
69 148 1
137 148 1
69 149 1
138 149 1
69 150 1
138 150 1
69 151 1
139 151 1
70 152 1
139 152 1
70 153 1
139 153 1
69 154 1
139 154 1
70 155 1
138 155 1
70 156 1
138 156 1
70 157 1
138 157 1
70 158 1
137 158 1
69 159 1
137 159 1
69 160 1
136 160 1
69 161 1
136 161 1
69 162 1
136 162 1
70 163 1
136 163 1
70 164 1
136 164 1
71 165 1
136 165 1
71 166 1
72 166 1
135 166 1
73 167 1
134 167 1
135 167 1
74 168 1
133 168 1
74 169 1
134 169 1
75 170 1
134 170 1
75 171 1
134 171 1
76 172 1
125 172 1
127 172 1
128 172 1
134 172 1
77 173 1
113 173 1
124 173 1
126 173 1
129 173 1
134 173 1
78 174 1
110 174 1
111 174 1
112 174 1
114 174 1
123 174 1
129 174 1
134 174 1
78 175 1
90 175 1
91 175 1
92 175 1
93 175 1
94 175 1
110 175 1
115 175 1
123 175 1
130 175 1
131 175 1
133 175 1
78 176 1
86 176 1
87 176 1
88 176 1
89 176 1
95 176 1
96 176 1
109 176 1
116 176 1
122 176 1
131 176 1
132 176 1
79 177 1
80 177 1
81 177 1
83 177 1
84 177 1
85 177 1
97 177 1
98 177 1
109 177 1
117 177 1
120 177 1
121 177 1
130 177 1
131 177 1
132 177 1
82 178 1
99 178 1
108 178 1
118 178 1
119 178 1
120 178 1
131 178 1
132 178 1
100 179 1
101 179 1
107 179 1
100 180 1
103 180 1
106 180 1
101 181 1
102 181 1
104 181 1
105 181 1
79 113 2
80 113 2
81 113 2
82 113 2
83 113 2
84 113 2
85 113 2
86 113 2
87 113 2
88 113 2
73 114 2
74 114 2
75 114 2
76 114 2
77 114 2
78 114 2
88 114 2
89 114 2
70 115 2
71 115 2
72 115 2
90 115 2
67 116 2
68 116 2
69 116 2
91 116 2
65 117 2
66 117 2
92 117 2
64 118 2
93 118 2
101 118 2
102 118 2
103 118 2
62 119 2
63 119 2
94 119 2
100 119 2
104 119 2
105 119 2
60 120 2
61 120 2
94 120 2
99 120 2
106 120 2
107 120 2
108 120 2
109 120 2
110 120 2
117 120 2
118 120 2
119 120 2
120 120 2
59 121 2
94 121 2
98 121 2
111 121 2
112 121 2
113 121 2
114 121 2
116 121 2
121 121 2
58 122 2
95 122 2
96 122 2
97 122 2
115 122 2
116 122 2
122 122 2
56 123 2
57 123 2
95 123 2
123 123 2
55 124 2
56 124 2
123 124 2
56 125 2
124 125 2
125 125 2
126 125 2
127 125 2
57 126 2
127 126 2
57 127 2
127 127 2
58 128 2
59 128 2
60 128 2
127 128 2
61 129 2
128 129 2
61 130 2
129 130 2
60 131 2
129 131 2
61 132 2
129 132 2
61 133 2
62 133 2
129 133 2
62 134 2
129 134 2
63 135 2
129 135 2
130 135 2
63 136 2
64 136 2
130 136 2
131 136 2
65 137 2
132 137 2
65 138 2
132 138 2
65 139 2
133 139 2
65 140 2
133 140 2
66 141 2
133 141 2
67 142 2
134 142 2
68 143 2
135 143 2
69 144 2
135 144 2
69 145 2
135 145 2
69 146 2
136 146 2
69 147 2
137 147 2
69 148 2
137 148 2
69 149 2
138 149 2
69 150 2
138 150 2
69 151 2
138 151 2
69 152 2
139 152 2
69 153 2
139 153 2
70 154 2
139 154 2
70 155 2
139 155 2
70 156 2
139 156 2
70 157 2
138 157 2
69 158 2
138 158 2
69 159 2
138 159 2
69 160 2
137 160 2
69 161 2
137 161 2
70 162 2
137 162 2
70 163 2
137 163 2
70 164 2
137 164 2
71 165 2
136 165 2
72 166 2
136 166 2
73 167 2
134 167 2
135 167 2
73 168 2
133 168 2
134 168 2
74 169 2
134 169 2
75 170 2
134 170 2
76 171 2
134 171 2
76 172 2
134 172 2
77 173 2
111 173 2
112 173 2
113 173 2
114 173 2
125 173 2
127 173 2
128 173 2
134 173 2
78 174 2
91 174 2
92 174 2
93 174 2
94 174 2
95 174 2
109 174 2
110 174 2
115 174 2
124 174 2
126 174 2
128 174 2
134 174 2
78 175 2
91 175 2
95 175 2
109 175 2
116 175 2
124 175 2
129 175 2
134 175 2
135 175 2
78 176 2
87 176 2
88 176 2
90 176 2
96 176 2
108 176 2
116 176 2
123 176 2
129 176 2
130 176 2
132 176 2
133 176 2
79 177 2
80 177 2
81 177 2
82 177 2
83 177 2
84 177 2
85 177 2
86 177 2
89 177 2
97 177 2
108 177 2
116 177 2
117 177 2
122 177 2
128 177 2
129 177 2
130 177 2
132 177 2
133 177 2
98 178 2
108 178 2
118 178 2
120 178 2
121 178 2
130 178 2
132 178 2
99 179 2
100 179 2
107 179 2
119 179 2
131 179 2
132 179 2
99 180 2
106 180 2
100 181 2
103 181 2
104 181 2
105 181 2
101 182 2
102 182 2
88 113 3
89 113 3
77 114 3
78 114 3
79 114 3
80 114 3
81 114 3
82 114 3
83 114 3
84 114 3
85 114 3
86 114 3
87 114 3
89 114 3
73 115 3
74 115 3
75 115 3
76 115 3
90 115 3
70 116 3
71 116 3
72 116 3
91 116 3
67 117 3
68 117 3
69 117 3
92 117 3
93 117 3
65 118 3
66 118 3
93 118 3
94 118 3
63 119 3
64 119 3
94 119 3
101 119 3
102 119 3
103 119 3
104 119 3
62 120 3
94 120 3
100 120 3
105 120 3
106 120 3
114 120 3
119 120 3
120 120 3
60 121 3
61 121 3
94 121 3
99 121 3
107 121 3
108 121 3
109 121 3
110 121 3
111 121 3
114 121 3
115 121 3
117 121 3
118 121 3
121 121 3
59 122 3
94 122 3
96 122 3
97 122 3
98 122 3
112 122 3
113 122 3
115 122 3
116 122 3
117 122 3
121 122 3
57 123 3
58 123 3
95 123 3
96 123 3
97 123 3
116 123 3
122 123 3
57 124 3
95 124 3
123 124 3
56 125 3
124 125 3
125 125 3
56 126 3
57 126 3
126 126 3
57 127 3
58 127 3
127 127 3
59 128 3
60 128 3
127 128 3
61 129 3
127 129 3
61 130 3
128 130 3
61 131 3
129 131 3
60 132 3
61 132 3
129 132 3
61 133 3
62 133 3
129 133 3
62 134 3
129 134 3
63 135 3
130 135 3
131 135 3
63 136 3
64 136 3
131 136 3
64 137 3
132 137 3
65 138 3
133 138 3
65 139 3
133 139 3
66 140 3
133 140 3
67 141 3
134 141 3
67 142 3
135 142 3
68 143 3
135 143 3
69 144 3
135 144 3
70 145 3
136 145 3
69 146 3
136 146 3
69 147 3
136 147 3
69 148 3
137 148 3
69 149 3
137 149 3
69 150 3
138 150 3
69 151 3
139 151 3
70 152 3
139 152 3
70 153 3
140 153 3
69 154 3
139 154 3
70 155 3
139 155 3
70 156 3
138 156 3
139 156 3
70 157 3
138 157 3
139 157 3
70 158 3
138 158 3
139 158 3
69 159 3
138 159 3
69 160 3
138 160 3
69 161 3
138 161 3
70 162 3
137 162 3
70 163 3
137 163 3
70 164 3
136 164 3
71 165 3
136 165 3
71 166 3
72 166 3
135 166 3
73 167 3
134 167 3
135 167 3
74 168 3
134 168 3
135 168 3
74 169 3
135 169 3
75 170 3
135 170 3
75 171 3
135 171 3
76 172 3
135 172 3
136 172 3
77 173 3
93 173 3
111 173 3
112 173 3
113 173 3
124 173 3
135 173 3
136 173 3
78 174 3
92 174 3
93 174 3
96 174 3
109 174 3
110 174 3
114 174 3
115 174 3
124 174 3
125 174 3
127 174 3
135 174 3
136 174 3
78 175 3
92 175 3
94 175 3
95 175 3
96 175 3
108 175 3
116 175 3
123 175 3
126 175 3
128 175 3
136 175 3
78 176 3
84 176 3
85 176 3
86 176 3
87 176 3
88 176 3
89 176 3
91 176 3
97 176 3
107 176 3
117 176 3
122 176 3
128 176 3
134 176 3
135 176 3
136 176 3
78 177 3
79 177 3
80 177 3
81 177 3
82 177 3
83 177 3
90 177 3
98 177 3
107 177 3
117 177 3
122 177 3
127 177 3
134 177 3
135 177 3
136 177 3
99 178 3
107 178 3
118 178 3
119 178 3
120 178 3
122 178 3
128 178 3
129 178 3
133 178 3
134 178 3
135 178 3
99 179 3
107 179 3
121 179 3
130 179 3
133 179 3
134 179 3
98 180 3
106 180 3
107 180 3
131 180 3
132 180 3
134 180 3
99 181 3
104 181 3
105 181 3
134 181 3
135 181 3
100 182 3
103 182 3
134 182 3
135 182 3
136 182 3
101 183 3
102 183 3
136 183 3
78 113 4
84 113 4
85 113 4
86 113 4
87 113 4
88 113 4
89 113 4
74 114 4
75 114 4
76 114 4
77 114 4
79 114 4
80 114 4
81 114 4
82 114 4
83 114 4
88 114 4
89 114 4
71 115 4
72 115 4
73 115 4
90 115 4
91 115 4
68 116 4
69 116 4
70 116 4
91 116 4
65 117 4
66 117 4
67 117 4
92 117 4
93 117 4
64 118 4
93 118 4
62 119 4
63 119 4
94 119 4
100 119 4
101 119 4
102 119 4
103 119 4
104 119 4
111 119 4
112 119 4
113 119 4
61 120 4
94 120 4
99 120 4
105 120 4
106 120 4
107 120 4
111 120 4
112 120 4
113 120 4
114 120 4
59 121 4
60 121 4
94 121 4
96 121 4
97 121 4
98 121 4
108 121 4
109 121 4
110 121 4
112 121 4
113 121 4
115 121 4
116 121 4
119 121 4
120 121 4
121 121 4
59 122 4
60 122 4
95 122 4
116 122 4
118 122 4
119 122 4
121 122 4
58 123 4
59 123 4
117 123 4
118 123 4
122 123 4
58 124 4
122 124 4
57 125 4
123 125 4
57 126 4
124 126 4
125 126 4
57 127 4
124 127 4
125 127 4
126 127 4
58 128 4
59 128 4
60 128 4
125 128 4
126 128 4
61 129 4
126 129 4
127 129 4
62 130 4
127 130 4
128 130 4
62 131 4
128 131 4
61 132 4
129 132 4
62 133 4
129 133 4
62 134 4
129 134 4
63 135 4
129 135 4
64 136 4
130 136 4
131 136 4
64 137 4
132 137 4
65 138 4
132 138 4
65 139 4
133 139 4
66 140 4
133 140 4
67 141 4
133 141 4
67 142 4
134 142 4
68 143 4
135 143 4
69 144 4
135 144 4
69 145 4
135 145 4
69 146 4
135 146 4
69 147 4
136 147 4
69 148 4
136 148 4
69 149 4
137 149 4
69 150 4
137 150 4
69 151 4
138 151 4
70 152 4
139 152 4
70 153 4
140 153 4
70 154 4
140 154 4
70 155 4
140 155 4
70 156 4
140 156 4
70 157 4
140 157 4
70 158 4
140 158 4
69 159 4
138 159 4
139 159 4
69 160 4
139 160 4
140 160 4
69 161 4
139 161 4
140 161 4
70 162 4
138 162 4
139 162 4
140 162 4
70 163 4
138 163 4
139 163 4
140 163 4
70 164 4
137 164 4
138 164 4
139 164 4
140 164 4
71 165 4
137 165 4
138 165 4
140 165 4
72 166 4
136 166 4
137 166 4
138 166 4
73 167 4
136 167 4
137 167 4
138 167 4
74 168 4
136 168 4
137 168 4
138 168 4
74 169 4
136 169 4
137 169 4
138 169 4
75 170 4
136 170 4
137 170 4
138 170 4
75 171 4
136 171 4
137 171 4
138 171 4
76 172 4
111 172 4
137 172 4
138 172 4
77 173 4
109 173 4
110 173 4
112 173 4
137 173 4
138 173 4
78 174 4
92 174 4
107 174 4
108 174 4
113 174 4
125 174 4
126 174 4
127 174 4
137 174 4
138 174 4
78 175 4
79 175 4
83 175 4
84 175 4
85 175 4
88 175 4
89 175 4
91 175 4
93 175 4
107 175 4
114 175 4
115 175 4
116 175 4
117 175 4
124 175 4
125 175 4
126 175 4
127 175 4
137 175 4
138 175 4
78 176 4
79 176 4
80 176 4
81 176 4
82 176 4
83 176 4
86 176 4
87 176 4
90 176 4
94 176 4
95 176 4
96 176 4
106 176 4
116 176 4
117 176 4
123 176 4
128 176 4
137 176 4
138 176 4
96 177 4
97 177 4
106 177 4
118 177 4
119 177 4
122 177 4
128 177 4
137 177 4
138 177 4
97 178 4
98 178 4
106 178 4
120 178 4
121 178 4
122 178 4
128 178 4
136 178 4
138 178 4
139 178 4
98 179 4
99 179 4
106 179 4
129 179 4
135 179 4
136 179 4
137 179 4
138 179 4
139 179 4
99 180 4
105 180 4
130 180 4
133 180 4
135 180 4
136 180 4
137 180 4
138 180 4
100 181 4
104 181 4
105 181 4
131 181 4
132 181 4
133 181 4
136 181 4
101 182 4
102 182 4
103 182 4
132 182 4
133 182 4
137 182 4
134 183 4
135 183 4
136 183 4
136 184 4
77 113 5
78 113 5
80 113 5
81 113 5
82 113 5
83 113 5
84 113 5
85 113 5
86 113 5
87 113 5
71 114 5
72 114 5
73 114 5
74 114 5
75 114 5
76 114 5
79 114 5
86 114 5
87 114 5
68 115 5
69 115 5
70 115 5
88 115 5
89 115 5
65 116 5
66 116 5
67 116 5
90 116 5
64 117 5
91 117 5
62 118 5
63 118 5
92 118 5
93 118 5
94 118 5
111 118 5
112 118 5
113 118 5
61 119 5
94 119 5
99 119 5
100 119 5
101 119 5
102 119 5
103 119 5
104 119 5
105 119 5
110 119 5
114 119 5
59 120 5
60 120 5
94 120 5
96 120 5
97 120 5
98 120 5
106 120 5
107 120 5
108 120 5
109 120 5
110 120 5
115 120 5
60 121 5
95 121 5
116 121 5
60 122 5
116 122 5
120 122 5
59 123 5
60 123 5
117 123 5
118 123 5
119 123 5
120 123 5
121 123 5
58 124 5
59 124 5
121 124 5
122 124 5
57 125 5
58 125 5
122 125 5
57 126 5
58 126 5
123 126 5
58 127 5
123 127 5
59 128 5
60 128 5
124 128 5
61 129 5
62 129 5
125 129 5
63 130 5
64 130 5
126 130 5
63 131 5
64 131 5
127 131 5
62 132 5
63 132 5
64 132 5
128 132 5
62 133 5
128 133 5
63 134 5
64 134 5
128 134 5
64 135 5
65 135 5
128 135 5
64 136 5
128 136 5
129 136 5
64 137 5
129 137 5
130 137 5
131 137 5
64 138 5
65 138 5
130 138 5
131 138 5
65 139 5
66 139 5
131 139 5
132 139 5
67 140 5
132 140 5
67 141 5
132 141 5
67 142 5
132 142 5
133 142 5
68 143 5
69 143 5
133 143 5
134 143 5
68 144 5
134 144 5
67 145 5
68 145 5
135 145 5
67 146 5
68 146 5
135 146 5
67 147 5
68 147 5
136 147 5
68 148 5
136 148 5
69 149 5
137 149 5
69 150 5
138 150 5
69 151 5
139 151 5
69 152 5
140 152 5
69 153 5
141 153 5
69 154 5
141 154 5
142 154 5
69 155 5
141 155 5
142 155 5
70 156 5
140 156 5
141 156 5
142 156 5
70 157 5
140 157 5
141 157 5
69 158 5
140 158 5
141 158 5
70 159 5
140 159 5
141 159 5
69 160 5
141 160 5
69 161 5
141 161 5
70 162 5
141 162 5
70 163 5
141 163 5
70 164 5
141 164 5
71 165 5
139 165 5
141 165 5
72 166 5
73 166 5
139 166 5
140 166 5
141 166 5
74 167 5
139 167 5
140 167 5
141 167 5
74 168 5
139 168 5
140 168 5
141 168 5
74 169 5
139 169 5
140 169 5
141 169 5
74 170 5
139 170 5
140 170 5
141 170 5
75 171 5
139 171 5
140 171 5
76 172 5
109 172 5
110 172 5
139 172 5
140 172 5
77 173 5
105 173 5
106 173 5
107 173 5
108 173 5
111 173 5
139 173 5
140 173 5
78 174 5
79 174 5
82 174 5
83 174 5
84 174 5
85 174 5
86 174 5
88 174 5
89 174 5
90 174 5
91 174 5
92 174 5
106 174 5
112 174 5
139 174 5
140 174 5
80 175 5
81 175 5
82 175 5
86 175 5
87 175 5
89 175 5
90 175 5
93 175 5
105 175 5
106 175 5
113 175 5
139 175 5
140 175 5
93 176 5
105 176 5
114 176 5
115 176 5
117 176 5
122 176 5
123 176 5
124 176 5
125 176 5
126 176 5
127 176 5
139 176 5
140 176 5
94 177 5
95 177 5
96 177 5
105 177 5
116 177 5
118 177 5
119 177 5
120 177 5
121 177 5
126 177 5
127 177 5
139 177 5
140 177 5
96 178 5
97 178 5
105 178 5
120 178 5
121 178 5
128 178 5
137 178 5
140 178 5
98 179 5
99 179 5
105 179 5
129 179 5
139 179 5
99 180 5
100 180 5
105 180 5
130 180 5
138 180 5
139 180 5
100 181 5
104 181 5
130 181 5
131 181 5
137 181 5
138 181 5
101 182 5
102 182 5
103 182 5
132 182 5
138 182 5
133 183 5
134 183 5
137 183 5
135 184 5
136 184 5
136 185 5
76 113 6
77 113 6
78 113 6
79 113 6
80 113 6
81 113 6
82 113 6
83 113 6
84 113 6
85 113 6
71 114 6
72 114 6
73 114 6
74 114 6
75 114 6
85 114 6
86 114 6
69 115 6
70 115 6
87 115 6
65 116 6
66 116 6
67 116 6
68 116 6
88 116 6
89 116 6
113 116 6
63 117 6
64 117 6
90 117 6
111 117 6
112 117 6
113 117 6
61 118 6
62 118 6
90 118 6
91 118 6
94 118 6
95 118 6
96 118 6
97 118 6
98 118 6
99 118 6
110 118 6
114 118 6
59 119 6
60 119 6
90 119 6
91 119 6
92 119 6
93 119 6
95 119 6
96 119 6
97 119 6
98 119 6
100 119 6
101 119 6
102 119 6
103 119 6
104 119 6
105 119 6
109 119 6
115 119 6
59 120 6
60 120 6
90 120 6
91 120 6
92 120 6
95 120 6
106 120 6
107 120 6
108 120 6
109 120 6
115 120 6
60 121 6
91 121 6
116 121 6
61 122 6
116 122 6
61 123 6
117 123 6
118 123 6
119 123 6
120 123 6
121 123 6
60 124 6
122 124 6
59 125 6
60 125 6
122 125 6
59 126 6
60 126 6
123 126 6
59 127 6
60 127 6
61 127 6
122 127 6
123 127 6
61 128 6
62 128 6
123 128 6
124 128 6
63 129 6
125 129 6
64 130 6
126 130 6
64 131 6
126 131 6
64 132 6
127 132 6
63 133 6
64 133 6
65 133 6
127 133 6
63 134 6
64 134 6
65 134 6
128 134 6
65 135 6
127 135 6
65 136 6
128 136 6
65 137 6
129 137 6
65 138 6
130 138 6
66 139 6
130 139 6
67 140 6
68 140 6
131 140 6
67 141 6
131 141 6
67 142 6
131 142 6
68 143 6
131 143 6
132 143 6
66 144 6
67 144 6
131 144 6
132 144 6
133 144 6
66 145 6
134 145 6
66 146 6
134 146 6
66 147 6
134 147 6
135 147 6
67 148 6
134 148 6
135 148 6
136 148 6
68 149 6
137 149 6
138 149 6
68 150 6
138 150 6
139 150 6
68 151 6
140 151 6
68 152 6
141 152 6
68 153 6
142 153 6
68 154 6
142 154 6
143 154 6
68 155 6
143 155 6
69 156 6
143 156 6
69 157 6
142 157 6
143 157 6
69 158 6
142 158 6
143 158 6
69 159 6
142 159 6
69 160 6
142 160 6
69 161 6
142 161 6
143 161 6
69 162 6
142 162 6
69 163 6
142 163 6
69 164 6
142 164 6
70 165 6
142 165 6
71 166 6
72 166 6
142 166 6
73 167 6
142 167 6
73 168 6
141 168 6
73 169 6
141 169 6
74 170 6
141 170 6
74 171 6
75 171 6
110 171 6
111 171 6
140 171 6
75 172 6
76 172 6
82 172 6
83 172 6
84 172 6
105 172 6
106 172 6
107 172 6
108 172 6
109 172 6
111 172 6
140 172 6
77 173 6
78 173 6
79 173 6
82 173 6
83 173 6
84 173 6
85 173 6
86 173 6
87 173 6
89 173 6
90 173 6
91 173 6
92 173 6
104 173 6
111 173 6
140 173 6
80 174 6
81 174 6
87 174 6
88 174 6
93 174 6
105 174 6
111 174 6
140 174 6
94 175 6
104 175 6
112 175 6
140 175 6
94 176 6
104 176 6
113 176 6
120 176 6
121 176 6
122 176 6
123 176 6
124 176 6
125 176 6
140 176 6
94 177 6
104 177 6
114 177 6
115 177 6
116 177 6
117 177 6
118 177 6
119 177 6
125 177 6
126 177 6
140 177 6
95 178 6
96 178 6
103 178 6
104 178 6
127 178 6
140 178 6
97 179 6
102 179 6
103 179 6
104 179 6
128 179 6
129 179 6
139 179 6
98 180 6
99 180 6
100 180 6
101 180 6
102 180 6
103 180 6
104 180 6
129 180 6
130 180 6
139 180 6
99 181 6
101 181 6
102 181 6
103 181 6
130 181 6
138 181 6
131 182 6
132 182 6
137 182 6
138 182 6
133 183 6
137 183 6
134 184 6
137 184 6
135 185 6
136 185 6
84 113 7
85 113 7
86 113 7
74 114 7
75 114 7
76 114 7
77 114 7
78 114 7
79 114 7
80 114 7
81 114 7
82 114 7
83 114 7
86 114 7
87 114 7
71 115 7
72 115 7
73 115 7
88 115 7
68 116 7
69 116 7
70 116 7
88 116 7
111 116 7
112 116 7
113 116 7
64 117 7
65 117 7
66 117 7
67 117 7
88 117 7
89 117 7
110 117 7
113 117 7
62 118 7
63 118 7
89 118 7
95 118 7
96 118 7
97 118 7
109 118 7
114 118 7
61 119 7
89 119 7
94 119 7
98 119 7
99 119 7
100 119 7
101 119 7
108 119 7
114 119 7
60 120 7
90 120 7
93 120 7
102 120 7
103 120 7
104 120 7
105 120 7
108 120 7
115 120 7
61 121 7
90 121 7
91 121 7
92 121 7
106 121 7
107 121 7
115 121 7
61 122 7
91 122 7
116 122 7
62 123 7
117 123 7
118 123 7
119 123 7
120 123 7
61 124 7
62 124 7
121 124 7
122 124 7
61 125 7
62 125 7
121 125 7
61 126 7
122 126 7
62 127 7
63 127 7
122 127 7
123 127 7
63 128 7
123 128 7
64 129 7
124 129 7
125 129 7
64 130 7
126 130 7
64 131 7
127 131 7
64 132 7
126 132 7
65 133 7
127 133 7
65 134 7
128 134 7
65 135 7
128 135 7
65 136 7
128 136 7
66 137 7
129 137 7
66 138 7
130 138 7
66 139 7
130 139 7
66 140 7
131 140 7
66 141 7
131 141 7
66 142 7
131 142 7
66 143 7
67 143 7
131 143 7
65 144 7
131 144 7
65 145 7
132 145 7
133 145 7
66 146 7
132 146 7
133 146 7
65 147 7
132 147 7
133 147 7
66 148 7
133 148 7
136 148 7
66 149 7
67 149 7
133 149 7
134 149 7
135 149 7
137 149 7
66 150 7
67 150 7
138 150 7
66 151 7
67 151 7
139 151 7
66 152 7
67 152 7
140 152 7
66 153 7
67 153 7
141 153 7
67 154 7
142 154 7
68 155 7
142 155 7
68 156 7
142 156 7
68 157 7
142 157 7
68 158 7
142 158 7
68 159 7
142 159 7
68 160 7
142 160 7
68 161 7
142 161 7
69 162 7
141 162 7
69 163 7
141 163 7
70 164 7
142 164 7
70 165 7
142 165 7
71 166 7
141 166 7
72 167 7
141 167 7
73 168 7
141 168 7
73 169 7
141 169 7
73 170 7
75 170 7
141 170 7
74 171 7
76 171 7
82 171 7
83 171 7
140 171 7
77 172 7
78 172 7
79 172 7
80 172 7
81 172 7
84 172 7
85 172 7
86 172 7
106 172 7
107 172 7
108 172 7
109 172 7
110 172 7
111 172 7
112 172 7
140 172 7
80 173 7
81 173 7
86 173 7
87 173 7
88 173 7
89 173 7
90 173 7
91 173 7
92 173 7
93 173 7
104 173 7
105 173 7
112 173 7
140 173 7
94 174 7
104 174 7
112 174 7
140 174 7
94 175 7
103 175 7
113 175 7
140 175 7
95 176 7
103 176 7
114 176 7
115 176 7
140 176 7
95 177 7
103 177 7
116 177 7
117 177 7
118 177 7
119 177 7
120 177 7
121 177 7
122 177 7
123 177 7
124 177 7
140 177 7
95 178 7
103 178 7
125 178 7
126 178 7
140 178 7
96 179 7
102 179 7
127 179 7
140 179 7
97 180 7
101 180 7
128 180 7
129 180 7
139 180 7
98 181 7
99 181 7
100 181 7
129 181 7
130 181 7
138 181 7
139 181 7
131 182 7
132 182 7
137 182 7
138 182 7
133 183 7
137 183 7
134 184 7
137 184 7
135 185 7
136 185 7
83 114 8
84 114 8
85 114 8
86 114 8
74 115 8
75 115 8
76 115 8
77 115 8
78 115 8
79 115 8
80 115 8
81 115 8
82 115 8
86 115 8
87 115 8
71 116 8
72 116 8
73 116 8
88 116 8
111 116 8
112 116 8
68 117 8
69 117 8
70 117 8
89 117 8
110 117 8
112 117 8
113 117 8
64 118 8
65 118 8
66 118 8
67 118 8
89 118 8
109 118 8
114 118 8
62 119 8
63 119 8
89 119 8
95 119 8
96 119 8
97 119 8
98 119 8
108 119 8
109 119 8
115 119 8
61 120 8
89 120 8
94 120 8
99 120 8
100 120 8
101 120 8
102 120 8
103 120 8
108 120 8
115 120 8
60 121 8
90 121 8
93 121 8
104 121 8
105 121 8
106 121 8
107 121 8
108 121 8
116 121 8
61 122 8
90 122 8
91 122 8
92 122 8
116 122 8
61 123 8
117 123 8
118 123 8
119 123 8
120 123 8
62 124 8
121 124 8
62 125 8
121 125 8
61 126 8
62 126 8
121 126 8
122 126 8
62 127 8
122 127 8
123 127 8
63 128 8
123 128 8
124 128 8
63 129 8
125 129 8
64 130 8
126 130 8
64 131 8
126 131 8
64 132 8
126 132 8
64 133 8
126 133 8
65 134 8
127 134 8
65 135 8
128 135 8
65 136 8
128 136 8
65 137 8
129 137 8
66 138 8
129 138 8
66 139 8
130 139 8
66 140 8
130 140 8
66 141 8
131 141 8
66 142 8
131 142 8
66 143 8
131 143 8
65 144 8
131 144 8
65 145 8
131 145 8
65 146 8
131 146 8
66 147 8
132 147 8
66 148 8
132 148 8
66 149 8
133 149 8
134 149 8
135 149 8
136 149 8
137 149 8
66 150 8
138 150 8
66 151 8
139 151 8
66 152 8
140 152 8
66 153 8
141 153 8
142 153 8
67 154 8
142 154 8
67 155 8
142 155 8
68 156 8
142 156 8
68 157 8
142 157 8
68 158 8
142 158 8
67 159 8
142 159 8
68 160 8
142 160 8
69 161 8
142 161 8
69 162 8
141 162 8
69 163 8
142 163 8
70 164 8
142 164 8
70 165 8
142 165 8
71 166 8
142 166 8
72 167 8
142 167 8
72 168 8
141 168 8
73 169 8
141 169 8
73 170 8
75 170 8
141 170 8
74 171 8
76 171 8
83 171 8
140 171 8
77 172 8
78 172 8
79 172 8
80 172 8
81 172 8
82 172 8
84 172 8
140 172 8
85 173 8
90 173 8
91 173 8
92 173 8
93 173 8
106 173 8
107 173 8
108 173 8
109 173 8
110 173 8
111 173 8
112 173 8
140 173 8
86 174 8
87 174 8
88 174 8
89 174 8
92 174 8
93 174 8
104 174 8
105 174 8
111 174 8
112 174 8
140 174 8
93 175 8
94 175 8
103 175 8
111 175 8
112 175 8
113 175 8
115 175 8
140 175 8
93 176 8
94 176 8
102 176 8
111 176 8
112 176 8
113 176 8
114 176 8
116 176 8
140 176 8
94 177 8
102 177 8
117 177 8
119 177 8
120 177 8
121 177 8
122 177 8
123 177 8
124 177 8
125 177 8
140 177 8
94 178 8
95 178 8
102 178 8
118 178 8
126 178 8
140 178 8
96 179 8
101 179 8
127 179 8
140 179 8
97 180 8
98 180 8
99 180 8
100 180 8
127 180 8
128 180 8
139 180 8
98 181 8
129 181 8
130 181 8
138 181 8
139 181 8
131 182 8
132 182 8
138 182 8
133 183 8
137 183 8
134 184 8
135 184 8
136 184 8
136 185 8
84 113 9
85 113 9
86 113 9
81 114 9
82 114 9
83 114 9
86 114 9
87 114 9
73 115 9
74 115 9
75 115 9
76 115 9
77 115 9
78 115 9
79 115 9
80 115 9
85 115 9
86 115 9
69 116 9
70 116 9
71 116 9
72 116 9
87 116 9
65 117 9
66 117 9
67 117 9
68 117 9
88 117 9
111 117 9
63 118 9
64 118 9
89 118 9
110 118 9
112 118 9
113 118 9
61 119 9
62 119 9
89 119 9
94 119 9
95 119 9
96 119 9
97 119 9
98 119 9
109 119 9
110 119 9
114 119 9
60 120 9
61 120 9
90 120 9
93 120 9
99 120 9
100 120 9
101 120 9
102 120 9
103 120 9
109 120 9
110 120 9
111 120 9
112 120 9
115 120 9
61 121 9
90 121 9
91 121 9
92 121 9
104 121 9
105 121 9
106 121 9
107 121 9
109 121 9
110 121 9
112 121 9
115 121 9
61 122 9
108 122 9
112 122 9
115 122 9
116 122 9
61 123 9
116 123 9
117 123 9
118 123 9
119 123 9
120 123 9
62 124 9
120 124 9
62 125 9
121 125 9
62 126 9
121 126 9
63 127 9
122 127 9
63 128 9
123 128 9
64 129 9
124 129 9
64 130 9
125 130 9
64 131 9
126 131 9
64 132 9
125 132 9
65 133 9
125 133 9
65 134 9
126 134 9
65 135 9
127 135 9
65 136 9
128 136 9
65 137 9
128 137 9
66 138 9
129 138 9
66 139 9
129 139 9
66 140 9
130 140 9
66 141 9
130 141 9
66 142 9
130 142 9
66 143 9
130 143 9
65 144 9
131 144 9
65 145 9
131 145 9
66 146 9
131 146 9
66 147 9
132 147 9
66 148 9
133 148 9
66 149 9
134 149 9
135 149 9
136 149 9
137 149 9
66 150 9
138 150 9
67 151 9
139 151 9
66 152 9
140 152 9
66 153 9
141 153 9
67 154 9
142 154 9
68 155 9
142 155 9
68 156 9
142 156 9
68 157 9
142 157 9
68 158 9
142 158 9
68 159 9
142 159 9
69 160 9
142 160 9
69 161 9
142 161 9
69 162 9
142 162 9
69 163 9
142 163 9
69 164 9
70 164 9
142 164 9
70 165 9
71 165 9
142 165 9
71 166 9
141 166 9
72 167 9
141 167 9
72 168 9
141 168 9
73 169 9
141 169 9
73 170 9
75 170 9
141 170 9
74 171 9
76 171 9
77 171 9
140 171 9
78 172 9
79 172 9
80 172 9
81 172 9
82 172 9
83 172 9
140 172 9
84 173 9
140 173 9
85 174 9
90 174 9
91 174 9
106 174 9
107 174 9
108 174 9
109 174 9
110 174 9
140 174 9
86 175 9
87 175 9
88 175 9
89 175 9
92 175 9
104 175 9
105 175 9
110 175 9
140 175 9
92 176 9
103 176 9
110 176 9
114 176 9
115 176 9
116 176 9
125 176 9
140 176 9
93 177 9
101 177 9
102 177 9
111 177 9
112 177 9
113 177 9
117 177 9
118 177 9
119 177 9
120 177 9
121 177 9
122 177 9
123 177 9
124 177 9
125 177 9
140 177 9
94 178 9
101 178 9
126 178 9
140 178 9
95 179 9
100 179 9
101 179 9
126 179 9
127 179 9
140 179 9
96 180 9
99 180 9
126 180 9
138 180 9
139 180 9
97 181 9
98 181 9
126 181 9
127 181 9
128 181 9
129 181 9
138 181 9
97 182 9
98 182 9
130 182 9
131 182 9
137 182 9
132 183 9
133 183 9
137 183 9
133 184 9
134 184 9
136 184 9
135 185 9
136 185 9
137 185 9
136 186 9
84 113 10
85 113 10
81 114 10
82 114 10
83 114 10
85 114 10
72 115 10
73 115 10
74 115 10
75 115 10
76 115 10
77 115 10
78 115 10
79 115 10
80 115 10
84 115 10
67 116 10
68 116 10
69 116 10
70 116 10
71 116 10
85 116 10
86 116 10
63 117 10
64 117 10
65 117 10
66 117 10
87 117 10
88 117 10
61 118 10
62 118 10
88 118 10
94 118 10
111 118 10
112 118 10
61 119 10
62 119 10
89 119 10
93 119 10
95 119 10
96 119 10
97 119 10
111 119 10
112 119 10
113 119 10
62 120 10
89 120 10
90 120 10
91 120 10
92 120 10
98 120 10
99 120 10
100 120 10
101 120 10
102 120 10
103 120 10
113 120 10
114 120 10
61 121 10
88 121 10
89 121 10
90 121 10
104 121 10
105 121 10
106 121 10
107 121 10
111 121 10
113 121 10
114 121 10
61 122 10
88 122 10
108 122 10
109 122 10
110 122 10
111 122 10
112 122 10
113 122 10
114 122 10
61 123 10
62 123 10
114 123 10
115 123 10
118 123 10
119 123 10
62 124 10
63 124 10
64 124 10
115 124 10
116 124 10
117 124 10
120 124 10
63 125 10
117 125 10
120 125 10
121 125 10
63 126 10
65 126 10
66 126 10
120 126 10
121 126 10
122 126 10
64 127 10
65 127 10
66 127 10
121 127 10
122 127 10
64 128 10
65 128 10
66 128 10
123 128 10
65 129 10
66 129 10
124 129 10
65 130 10
124 130 10
65 131 10
66 131 10
125 131 10
64 132 10
65 132 10
66 132 10
125 132 10
65 133 10
125 133 10
65 134 10
126 134 10
65 135 10
127 135 10
65 136 10
127 136 10
65 137 10
127 137 10
128 137 10
66 138 10
128 138 10
66 139 10
128 139 10
66 140 10
129 140 10
66 141 10
130 141 10
66 142 10
129 142 10
66 143 10
129 143 10
66 144 10
130 144 10
66 145 10
130 145 10
65 146 10
130 146 10
131 146 10
66 147 10
130 147 10
131 147 10
66 148 10
132 148 10
133 148 10
134 148 10
135 148 10
136 148 10
66 149 10
136 149 10
137 149 10
66 150 10
137 150 10
66 151 10
138 151 10
66 152 10
139 152 10
140 152 10
66 153 10
141 153 10
67 154 10
141 154 10
142 154 10
68 155 10
69 155 10
142 155 10
68 156 10
142 156 10
68 157 10
143 157 10
68 158 10
142 158 10
69 159 10
141 159 10
69 160 10
142 160 10
70 161 10
142 161 10
70 162 10
142 162 10
69 163 10
142 163 10
69 164 10
70 164 10
142 164 10
71 165 10
141 165 10
72 166 10
141 166 10
72 167 10
141 167 10
73 168 10
141 168 10
73 169 10
141 169 10
72 170 10
73 170 10
75 170 10
141 170 10
74 171 10
76 171 10
77 171 10
140 171 10
78 172 10
79 172 10
80 172 10
81 172 10
140 172 10
82 173 10
83 173 10
140 173 10
82 174 10
83 174 10
84 174 10
140 174 10
84 175 10
85 175 10
90 175 10
91 175 10
105 175 10
106 175 10
107 175 10
108 175 10
109 175 10
140 175 10
85 176 10
86 176 10
87 176 10
88 176 10
89 176 10
90 176 10
91 176 10
104 176 10
109 176 10
140 176 10
86 177 10
87 177 10
88 177 10
90 177 10
91 177 10
92 177 10
103 177 10
110 177 10
114 177 10
115 177 10
116 177 10
120 177 10
123 177 10
124 177 10
125 177 10
140 177 10
92 178 10
93 178 10
102 178 10
111 178 10
112 178 10
113 178 10
117 178 10
118 178 10
119 178 10
120 178 10
121 178 10
122 178 10
123 178 10
124 178 10
125 178 10
140 178 10
93 179 10
94 179 10
95 179 10
101 179 10
124 179 10
125 179 10
138 179 10
139 179 10
95 180 10
96 180 10
100 180 10
124 180 10
125 180 10
137 180 10
138 180 10
96 181 10
97 181 10
98 181 10
99 181 10
124 181 10
125 181 10
138 181 10
97 182 10
98 182 10
125 182 10
126 182 10
127 182 10
128 182 10
129 182 10
137 182 10
130 183 10
131 183 10
137 183 10
132 184 10
133 184 10
137 184 10
134 185 10
137 185 10
135 186 10
136 186 10
137 186 10
136 187 10
81 114 11
82 114 11
83 114 11
84 114 11
71 115 11
72 115 11
73 115 11
74 115 11
75 115 11
76 115 11
77 115 11
78 115 11
79 115 11
80 115 11
83 115 11
67 116 11
68 116 11
69 116 11
70 116 11
84 116 11
63 117 11
64 117 11
65 117 11
66 117 11
85 117 11
86 117 11
62 118 11
86 118 11
87 118 11
88 118 11
93 118 11
94 118 11
62 119 11
63 119 11
88 119 11
92 119 11
95 119 11
96 119 11
63 120 11
88 120 11
91 120 11
97 120 11
98 120 11
99 120 11
100 120 11
101 120 11
102 120 11
62 121 11
63 121 11
87 121 11
90 121 11
103 121 11
104 121 11
105 121 11
106 121 11
107 121 11
62 122 11
63 122 11
66 122 11
88 122 11
89 122 11
108 122 11
109 122 11
110 122 11
111 122 11
112 122 11
63 123 11
64 123 11
65 123 11
66 123 11
88 123 11
113 123 11
114 123 11
65 124 11
115 124 11
118 124 11
119 124 11
64 125 11
65 125 11
66 125 11
116 125 11
117 125 11
118 125 11
119 125 11
64 126 11
67 126 11
119 126 11
120 126 11
67 127 11
120 127 11
121 127 11
67 128 11
121 128 11
122 128 11
67 129 11
122 129 11
123 129 11
66 130 11
123 130 11
124 130 11
67 131 11
68 131 11
124 131 11
67 132 11
68 132 11
124 132 11
66 133 11
67 133 11
124 133 11
66 134 11
67 134 11
125 134 11
66 135 11
125 135 11
126 135 11
66 136 11
126 136 11
65 137 11
126 137 11
66 138 11
127 138 11
66 139 11
127 139 11
66 140 11
128 140 11
66 141 11
129 141 11
67 142 11
68 142 11
69 142 11
70 142 11
129 142 11
67 143 11
129 143 11
66 144 11
129 144 11
66 145 11
68 145 11
129 145 11
66 146 11
129 146 11
66 147 11
130 147 11
66 148 11
130 148 11
131 148 11
66 149 11
131 149 11
132 149 11
133 149 11
134 149 11
135 149 11
136 149 11
66 150 11
132 150 11
137 150 11
66 151 11
138 151 11
139 151 11
66 152 11
140 152 11
66 153 11
141 153 11
67 154 11
142 154 11
68 155 11
69 155 11
142 155 11
68 156 11
142 156 11
68 157 11
142 157 11
68 158 11
142 158 11
69 159 11
142 159 11
69 160 11
142 160 11
70 161 11
142 161 11
70 162 11
142 162 11
69 163 11
142 163 11
70 164 11
141 164 11
71 165 11
141 165 11
72 166 11
141 166 11
72 167 11
75 167 11
76 167 11
141 167 11
73 168 11
75 168 11
76 168 11
77 168 11
141 168 11
73 169 11
75 169 11
76 169 11
77 169 11
140 169 11
73 170 11
75 170 11
76 170 11
77 170 11
78 170 11
140 170 11
74 171 11
78 171 11
79 171 11
140 171 11
79 172 11
139 172 11
80 173 11
81 173 11
138 173 11
139 173 11
82 174 11
83 174 11
107 174 11
108 174 11
139 174 11
83 175 11
84 175 11
104 175 11
105 175 11
106 175 11
108 175 11
140 175 11
84 176 11
85 176 11
87 176 11
89 176 11
103 176 11
108 176 11
139 176 11
86 177 11
87 177 11
88 177 11
89 177 11
104 177 11
109 177 11
139 177 11
90 178 11
91 178 11
103 178 11
110 178 11
111 178 11
114 178 11
115 178 11
116 178 11
118 178 11
119 178 11
139 178 11
91 179 11
92 179 11
93 179 11
94 179 11
95 179 11
102 179 11
112 179 11
113 179 11
116 179 11
117 179 11
119 179 11
120 179 11
121 179 11
122 179 11
123 179 11
139 179 11
96 180 11
101 180 11
122 180 11
123 180 11
138 180 11
97 181 11
100 181 11
121 181 11
122 181 11
123 181 11
138 181 11
98 182 11
99 182 11
123 182 11
124 182 11
138 182 11
125 183 11
126 183 11
127 183 11
128 183 11
129 183 11
138 183 11
130 184 11
131 184 11
138 184 11
132 185 11
133 185 11
138 185 11
134 186 11
137 186 11
135 187 11
136 187 11
137 187 11
136 188 11
137 188 11
81 115 12
82 115 12
83 115 12
70 116 12
71 116 12
72 116 12
73 116 12
74 116 12
75 116 12
76 116 12
77 116 12
78 116 12
79 116 12
80 116 12
81 116 12
83 116 12
84 116 12
67 117 12
68 117 12
69 117 12
84 117 12
63 118 12
64 118 12
65 118 12
66 118 12
85 118 12
86 118 12
87 118 12
64 119 12
86 119 12
87 119 12
93 119 12
94 119 12
64 120 12
66 120 12
87 120 12
92 120 12
95 120 12
96 120 12
64 121 12
66 121 12
87 121 12
91 121 12
97 121 12
98 121 12
99 121 12
100 121 12
101 121 12
102 121 12
103 121 12
111 121 12
64 122 12
65 122 12
67 122 12
87 122 12
90 122 12
104 122 12
105 122 12
106 122 12
107 122 12
109 122 12
110 122 12
112 122 12
113 122 12
67 123 12
68 123 12
88 123 12
89 123 12
108 123 12
114 123 12
66 124 12
67 124 12
88 124 12
115 124 12
67 125 12
68 125 12
116 125 12
117 125 12
118 125 12
119 125 12
68 126 12
69 126 12
119 126 12
68 127 12
69 127 12
119 127 12
120 127 12
68 128 12
69 128 12
120 128 12
121 128 12
68 129 12
69 129 12
121 129 12
67 130 12
68 130 12
69 130 12
122 130 12
69 131 12
70 131 12
123 131 12
124 131 12
69 132 12
123 132 12
68 133 12
69 133 12
124 133 12
68 134 12
69 134 12
124 134 12
67 135 12
68 135 12
124 135 12
67 136 12
125 136 12
66 137 12
126 137 12
66 138 12
126 138 12
67 139 12
127 139 12
67 140 12
69 140 12
128 140 12
67 141 12
68 141 12
69 141 12
70 141 12
128 141 12
70 142 12
128 142 12
68 143 12
69 143 12
128 143 12
67 144 12
68 144 12
69 144 12
129 144 12
67 145 12
69 145 12
129 145 12
67 146 12
68 146 12
69 146 12
130 146 12
67 147 12
130 147 12
67 148 12
131 148 12
67 149 12
132 149 12
67 150 12
68 150 12
133 150 12
134 150 12
135 150 12
136 150 12
67 151 12
68 151 12
69 151 12
136 151 12
137 151 12
67 152 12
68 152 12
69 152 12
138 152 12
139 152 12
67 153 12
68 153 12
69 153 12
140 153 12
68 154 12
69 154 12
141 154 12
69 155 12
141 155 12
69 156 12
142 156 12
69 157 12
70 157 12
142 157 12
69 158 12
70 158 12
143 158 12
70 159 12
71 159 12
143 159 12
70 160 12
71 160 12
72 160 12
143 160 12
71 161 12
72 161 12
143 161 12
71 162 12
72 162 12
142 162 12
70 163 12
71 163 12
141 163 12
71 164 12
141 164 12
72 165 12
141 165 12
73 166 12
75 166 12
141 166 12
73 167 12
74 167 12
76 167 12
140 167 12
73 168 12
74 168 12
77 168 12
140 168 12
73 169 12
74 169 12
77 169 12
140 169 12
74 170 12
78 170 12
139 170 12
78 171 12
139 171 12
79 172 12
80 172 12
139 172 12
81 173 12
107 173 12
108 173 12
109 173 12
139 173 12
82 174 12
104 174 12
105 174 12
106 174 12
109 174 12
139 174 12
83 175 12
84 175 12
103 175 12
109 175 12
139 175 12
85 176 12
86 176 12
87 176 12
88 176 12
89 176 12
102 176 12
109 176 12
139 176 12
89 177 12
103 177 12
110 177 12
139 177 12
90 178 12
102 178 12
111 178 12
140 178 12
91 179 12
92 179 12
93 179 12
94 179 12
95 179 12
96 179 12
101 179 12
112 179 12
113 179 12
114 179 12
115 179 12
116 179 12
117 179 12
118 179 12
139 179 12
97 180 12
101 180 12
119 180 12
120 180 12
121 180 12
122 180 12
139 180 12
98 181 12
100 181 12
119 181 12
120 181 12
139 181 12
99 182 12
120 182 12
121 182 12
122 182 12
123 182 12
138 182 12
121 183 12
122 183 12
123 183 12
124 183 12
125 183 12
126 183 12
127 183 12
128 183 12
138 183 12
124 184 12
125 184 12
126 184 12
129 184 12
130 184 12
138 184 12
131 185 12
138 185 12
132 186 12
133 186 12
138 186 12
134 187 12
138 187 12
135 188 12
136 188 12
138 188 12
137 189 12
81 116 13
82 116 13
83 116 13
84 116 13
69 117 13
70 117 13
71 117 13
72 117 13
73 117 13
74 117 13
75 117 13
76 117 13
77 117 13
78 117 13
79 117 13
80 117 13
84 117 13
67 118 13
68 118 13
85 118 13
64 119 13
65 119 13
66 119 13
86 119 13
87 119 13
64 120 13
65 120 13
87 120 13
93 120 13
94 120 13
95 120 13
64 121 13
65 121 13
66 121 13
87 121 13
92 121 13
96 121 13
97 121 13
98 121 13
66 122 13
87 122 13
91 122 13
99 122 13
100 122 13
101 122 13
102 122 13
103 122 13
104 122 13
108 122 13
109 122 13
110 122 13
111 122 13
112 122 13
67 123 13
87 123 13
90 123 13
105 123 13
106 123 13
107 123 13
113 123 13
114 123 13
68 124 13
88 124 13
89 124 13
115 124 13
68 125 13
69 125 13
88 125 13
116 125 13
117 125 13
118 125 13
69 126 13
119 126 13
69 127 13
119 127 13
120 127 13
69 128 13
121 128 13
69 129 13
122 129 13
69 130 13
122 130 13
70 131 13
122 131 13
70 132 13
123 132 13
69 133 13
123 133 13
69 134 13
124 134 13
68 135 13
124 135 13
67 136 13
68 136 13
125 136 13
67 137 13
125 137 13
67 138 13
126 138 13
67 139 13
68 139 13
127 139 13
67 140 13
68 140 13
69 140 13
70 140 13
128 140 13
70 141 13
128 141 13
70 142 13
128 142 13
70 143 13
128 143 13
70 144 13
129 144 13
69 145 13
129 145 13
69 146 13
130 146 13
67 147 13
68 147 13
69 147 13
130 147 13
67 148 13
68 148 13
131 148 13
67 149 13
68 149 13
132 149 13
67 150 13
69 150 13
133 150 13
134 150 13
135 150 13
136 150 13
70 151 13
137 151 13
67 152 13
70 152 13
138 152 13
139 152 13
70 153 13
140 153 13
69 154 13
141 154 13
70 155 13
142 155 13
70 156 13
142 156 13
70 157 13
143 157 13
70 158 13
143 158 13
71 159 13
143 159 13
72 160 13
143 160 13
73 161 13
143 161 13
73 162 13
142 162 13
72 163 13
142 163 13
72 164 13
142 164 13
73 165 13
142 165 13
73 166 13
75 166 13
141 166 13
74 167 13
76 167 13
140 167 13
77 168 13
140 168 13
74 169 13
77 169 13
139 169 13
78 170 13
139 170 13
79 171 13
139 171 13
80 172 13
139 172 13
81 173 13
139 173 13
82 174 13
83 174 13
84 174 13
89 174 13
104 174 13
105 174 13
106 174 13
107 174 13
108 174 13
109 174 13
138 174 13
85 175 13
86 175 13
87 175 13
88 175 13
89 175 13
102 175 13
103 175 13
109 175 13
139 175 13
90 176 13
102 176 13
110 176 13
139 176 13
90 177 13
102 177 13
111 177 13
140 177 13
91 178 13
92 178 13
101 178 13
112 178 13
139 178 13
93 179 13
94 179 13
95 179 13
96 179 13
101 179 13
113 179 13
114 179 13
115 179 13
116 179 13
117 179 13
118 179 13
139 179 13
97 180 13
98 180 13
100 180 13
118 180 13
119 180 13
139 180 13
99 181 13
119 181 13
138 181 13
120 182 13
138 182 13
121 183 13
122 183 13
123 183 13
125 183 13
126 183 13
127 183 13
128 183 13
138 183 13
124 184 13
129 184 13
130 184 13
138 184 13
131 185 13
138 185 13
132 186 13
133 186 13
138 186 13
134 187 13
138 187 13
135 188 13
136 188 13
138 188 13
137 189 13
82 116 14
83 116 14
73 117 14
74 117 14
75 117 14
76 117 14
77 117 14
78 117 14
79 117 14
80 117 14
81 117 14
83 117 14
69 118 14
70 118 14
71 118 14
72 118 14
79 118 14
84 118 14
66 119 14
67 119 14
68 119 14
85 119 14
65 120 14
66 120 14
86 120 14
87 120 14
66 121 14
87 121 14
93 121 14
94 121 14
95 121 14
96 121 14
67 122 14
87 122 14
92 122 14
97 122 14
98 122 14
99 122 14
100 122 14
101 122 14
111 122 14
112 122 14
113 122 14
67 123 14
87 123 14
91 123 14
102 123 14
103 123 14
104 123 14
105 123 14
108 123 14
109 123 14
110 123 14
113 123 14
114 123 14
68 124 14
88 124 14
90 124 14
106 124 14
107 124 14
108 124 14
115 124 14
117 124 14
69 125 14
88 125 14
89 125 14
116 125 14
118 125 14
119 125 14
69 126 14
119 126 14
69 127 14
120 127 14
69 128 14
121 128 14
69 129 14
121 129 14
69 130 14
122 130 14
69 131 14
122 131 14
70 132 14
123 132 14
69 133 14
123 133 14
69 134 14
124 134 14
68 135 14
124 135 14
67 136 14
125 136 14
67 137 14
125 137 14
67 138 14
126 138 14
68 139 14
69 139 14
70 139 14
127 139 14
70 140 14
127 140 14
70 141 14
128 141 14
70 142 14
128 142 14
70 143 14
128 143 14
70 144 14
128 144 14
70 145 14
129 145 14
70 146 14
130 146 14
69 147 14
130 147 14
69 148 14
131 148 14
132 148 14
69 149 14
132 149 14
69 150 14
133 150 14
134 150 14
135 150 14
70 151 14
136 151 14
137 151 14
71 152 14
138 152 14
139 152 14
71 153 14
140 153 14
70 154 14
141 154 14
71 155 14
141 155 14
70 156 14
142 156 14
70 157 14
142 157 14
70 158 14
142 158 14
71 159 14
143 159 14
72 160 14
143 160 14
72 161 14
143 161 14
73 162 14
142 162 14
72 163 14
142 163 14
72 164 14
142 164 14
72 165 14
142 165 14
73 166 14
75 166 14
141 166 14
74 167 14
76 167 14
140 167 14
77 168 14
78 168 14
140 168 14
78 169 14
140 169 14
79 170 14
139 170 14
80 171 14
138 171 14
81 172 14
139 172 14
82 173 14
83 173 14
139 173 14
84 174 14
85 174 14
86 174 14
87 174 14
88 174 14
89 174 14
139 174 14
90 175 14
91 175 14
104 175 14
105 175 14
106 175 14
107 175 14
108 175 14
109 175 14
110 175 14
139 175 14
91 176 14
102 176 14
103 176 14
110 176 14
139 176 14
91 177 14
92 177 14
101 177 14
111 177 14
139 177 14
92 178 14
101 178 14
111 178 14
112 178 14
139 178 14
93 179 14
94 179 14
95 179 14
98 179 14
100 179 14
113 179 14
114 179 14
115 179 14
116 179 14
117 179 14
139 179 14
96 180 14
97 180 14
99 180 14
117 180 14
118 180 14
139 180 14
117 181 14
118 181 14
138 181 14
119 182 14
120 182 14
122 182 14
123 182 14
126 182 14
127 182 14
138 182 14
121 183 14
124 183 14
125 183 14
128 183 14
138 183 14
129 184 14
130 184 14
138 184 14
131 185 14
132 185 14
139 185 14
133 186 14
138 186 14
134 187 14
135 187 14
138 187 14
136 188 14
138 188 14
137 189 14
